317391
317393
317396
317398
317399
317402
317403
317404
317406
317408
317411
317412
317413
317416
317417
317419
317420
317421
317427
317428
317429
317431
317434
317438
317440
317447
317448
317449
317450
317455
317456
317460
317461
317467
317468
317469
317475
317476
317477
317480
317481
317484
317486
317487
317489
317491
317492
317493
317494
317495
317499
317500
317501
317502
317503
317504
317505
317507
317509
317512
317513
317514
317518
317520
317521
317523
317524
317525
317528
317529
317535
317538
317539
317542
317544
317545
317546
317547
317548
317549
317551
317553
317554
317555
317556
317557
317559
317563
317570
317574
317575
317579
317582
317583
317585
317588
317590
317596
317597
317598
317599
317601
317605
317615
317618
317619
317624
317627
317628
317629
317630
317634
317635
317640
317643
317645
317648
317649
317651
360605
360613
360615
360616
