600001
600002
600012
600021
600023
600043
600046
600047
600048
600049
600051
600052
600053
600054
600056
600062
600065
600066
600069
600073
600076
600086
600087
600094
600098
600100
600102
600107
600201
600204
600205
600211
600213
600215
600216
600221
600223
600225
600228
600229
600232
600233
600235
600236
600237
600239
600240
600241
600242
600243
600244
600245
600246
600247
600248
600249
600250
600251
600252
600253
600254
600255
600256
600257
600259
600261
600262
600264
600267
600268
600269
600270
600271
600272
600273
600275
600276
600277
600281
600282
600283
600286
600287
600288
600291
600293
600294
600297
600299
600300
600303
600304
600308
600311
600312
600313
600314
600315
600316
600317
600318
600321
600322
600323
600325
600329
600330
600331
600333
600334
600336
600338
600339
600340
600341
600344
600346
600347
600348
600350
600352
600353
600354
600355
600356
600357
600358
600359
600361
600362
600363
600364
600365
600366
600367
600368
600369
600370
600371
600372
600373
600374
600375
600376
600378
600379
600380
600382
600385
600386
600387
600388
600389
600390
600391
600393
600394
600395
600396
600397
600398
600399
600400
600401
600402
600404
600405
600407
600408
600409
600411
600412
600413
600415
600416
600417
600418
600419
600420
600421
600422
600423
600424
600425
600426
600427
600429
600430
600431
600433
600434
600435
600436
600437
600438
600439
600440
600442
600443
600444
600445
600446
600447
600448
600451
600452
600455
600456
600459
600460
600462
600464
600465
600466
600467
600468
600473
600475
600476
600478
600480
600482
600483
600485
600486
600488
600489
600490
600491
600492
600494
600496
600497
600499
600501
600502
600503
600504
600507
600508
600509
600510
600513
600514
600515
600516
600517
600522
600523
600526
600527
600528
600531
600534
600542
600543
600545
600546
600547
600548
600549
600550
600551
600552
600554
600555
600556
600559
600564
600565
600566
600567
600568
600569
600576
600577
600580
600582
600584
600586
600589
600590
600591
600593
600601
600602
600603
600604
600605
600607
600608
600609
600610
600611
600612
600616
600617
600619
600620
600621
600622
600625
600626
600627
600628
600629
600632
600636
600637
600638
600640
600642
600644
600645
600646
600647
600648
600650
600653
600655
600657
600659
600660
600661
600662
600664
600665
600666
600668
600670
600672
600673
600674
600676
600678
600679
600680
600682
600684
600685
600687
600688
600691
600692
600693
600694
600695
600696
600697
600698
600699
600700
600701
600702
600703
600704
600705
600707
600708
600709
600710
600711
600712
600713
600716
600717
600718
600719
600723
600724
600726
600729
600732
600734
600735
600736
600738
600739
600740
600741
600742
600743
600744
600745
600746
600748
600749
600750
600751
600752
600754
600755
600756
600757
600758
600759
600760
600761
600762
600763
600764
600766
600767
600768
600770
600771
600772
600774
600775
600776
600777
600778
600779
600780
600783
600784
600785
600786
600789
600790
600792
600793
600794
600795
600796
600797
600798
600799
600802
600803
600804
600805
600806
600807
600809
600811
600812
600813
600815
600816
600817
600818
600819
600820
600822
600823
600824
600825
600826
600827
600828
600829
600830
600831
600832
600833
600834
600835
600836
600838
600839
600840
600841
600842
600843
600844
600845
600846
600847
600849
600850
600851
600853
600854
600855
600856
600858
600859
600860
600861
600862
600863
600864
600865
600866
600867
600870
600871
600872
600873
600874
600875
600876
600877
600878
600879
600880
600881
600882
600883
600884
600886
600887
600889
600890
600892
600893
600895
600896
600897
600898
600900
600903
600904
600905
600906
600907
600908
600909
600912
600914
600915
600927
600930
601103
601104
601105
601151
601152
601201
601202
601252
601253
601254
601255
601256
601258
601265
601274
601281
601282
601293
601298
601301
601302
601303
601304
601307
601308
601311
601321
601322
601323
601324
601328
601330
601331
601332
601333
601334
601335
601337
601338
601339
601341
601342
601343
601347
601349
601350
601351
601353
601355
601356
601357
601362
601363
601366
601370
601372
601375
601377
601378
601380
601381
601382
601383
601386
601387
601388
601389
601392
601394
601395
601398
601400
601402
601403
601404
601406
601407
601419
601420
601421
601422
601428
601429
601435
601505
601516
601517
601521
601525
601528
601533
601549
601550
601552
601556
601557
601559
601560
601561
601562
601567
601569
601576
601577
601581
601583
601589
601593
601598
601600
601603
601604
601605
601608
601610
601613
601614
601615
601616
601617
601618
601620
601622
601623
601624
601626
601627
601628
601630
601631
601632
601636
601637
601639
601641
601646
601649
601654
601655
601658
601667
601752
601753
601760
601761
601764
601765
601766
601768
601770
601771
601778
601779
601780
601781
601786
601790
601794
601803
601804
601812
601818
601822
601824
601827
601828
601829
601831
601832
601834
601837
601838
601839
601841
601842
601844
601845
601851
601852
601854
601856
601857
601858
601859
601860
601862
601863
601865
601866
601867
601868
601870
601872
601875
601876
601878
601880
601882
601887
601888
601889
601893
601896
601902
601907
601908
601913
601915
601922
601924
601925
601933
601936
601941
601942
601943
601944
601945
601946
601947
601948
601949
601950
601951
601953
601954
601955
601956
601957
601958
601959
601960
601963
601964
601965
601966
601967
601968
601969
601971
601973
601974
601975
601976
601978
601979
601980
601981
601982
601983
601984
601987
601988
601992
601993
601996
601998
601999
602000
602001
602002
602003
602004
602006
602007
602008
602009
602016
602017
602022
602023
602025
602026
602030
602032
602033
602034
602036
602038
602039
602040
602041
602042
602043
602044
602047
602050
602051
602052
602054
602056
602057
602058
602059
602060
602062
602064
602068
602069
602070
602072
602074
602080
602082
602083
602085
602086
602087
602089
602093
602095
602096
602098
602099
602104
602109
602205
602207
602209
602210
602211
602214
602215
602216
602218
602220
602221
602222
602223
602225
602227
602229
602230
602231
602235
602237
602240
602241
602242
602246
602247
602248
602251
602252
602253
602254
602255
602257
602258
602260
602261
602262
602263
602264
602265
602270
602271
602272
602273
602275
602278
602281
602282
602284
602285
602287
602290
602291
602292
602293
602294
602295
602296
602297
602298
602299
602301
602302
602303
602304
602305
602306
602308
602309
602310
602311
602313
602314
602315
602318
602320
602321
602322
602323
602325
602326
602329
602331
602332
602334
602336
602337
602338
602339
602340
602341
602342
602343
602344
602346
602347
602349
602350
602351
602352
602355
602356
602359
602361
602363
602368
602370
602371
602373
602377
602381
602386
602451
602452
602453
602454
602455
602456
602457
602458
602459
602460
602461
602462
602463
602464
602465
602466
602467
602468
602469
602470
602471
602472
602501
602503
602504
602551
602552
602553
602554
602555
602556
602557
602558
602559
602560
602561
602562
602563
602564
602565
602566
602567
602602
602603
602604
602606
602607
602608
602609
602610
602612
602613
602614
602615
602652
602653
602654
602656
602657
602658
602659
602661
602662
602664
602665
602670
602671
602672
602673
602674
602675
602676
602677
602678
602679
602680
602681
602682
602683
602684
602686
602687
602688
602689
602690
602691
602692
602693
602694
602696
602697
602698
602699
602700
602702
602703
602704
602705
602751
602801
602805
602852
602853
602854
602901
602902
602905
602907
602911
602914
602923
602924
602925
602927
602928
602932
602950
602953
603001
603002
603003
603004
603006
603007
603009
603010
603011
603013
603015
603016
603017
603022
603055
603070
603073
603074
603075
603076
603079
603082
603084
603085
603089
603093
603094
603096
603097
603100
603101
603102
603103
603105
603106
603107
603108
603110
603111
603115
603126
603130
603133
603134
603135
603138
603139
603141
603153
603154
603157
603165
603167
603176
603180
603303
603305
603307
603308
603309
603311
603312
603315
603316
603317
603318
603352
603353
603354
603357
603358
603359
603361
603365
603366
603370
603371
603375
603377
603378
603385
603388
603389
603392
603393
603395
603396
603397
603398
603399
603401
603404
603407
603408
603409
603410
603411
603413
603414
603415
603417
603418
603419
603420
603421
603424
603425
603426
603427
603429
603431
603432
603433
603442
603443
603444
603445
603446
603447
603448
603449
603452
603453
603454
603455
603456
603457
603461
603462
603463
603464
603465
603466
603467
603468
603471
603472
603473
603474
603475
603476
603477
603478
603479
603480
603482
603483
603484
603485
603486
603487
603488
603489
603490
603491
603492
603493
603495
603496
603497
603498
603499
603500
603509
603515
603521
603522
603524
603537
603544
603545
603546
603550
603551
603555
603558
603560
603561
603562
603566
603567
603571
603573
603576
603578
603580
603586
603587
603588
603589
603590
603591
603592
603593
603594
603595
603596
603598
603599
603600
603602
603603
603604
603606
603607
603608
603612
603613
603614
603615
603616
603617
603618
603619
603622
603623
603624
603625
603626
603627
603628
603629
603631
603632
603634
603635
603636
603642
603644
603645
603646
603647
603648
603677
603751
603752
603753
603755
603757
603758
603759
603760
603802
603804
603811
603816
603817
603823
603831
603832
603833
603834
603837
603844
603845
603847
603852
603853
603857
603859
603860
603901
603902
603904
603905
603906
603907
603908
603909
603910
603911
603912
603913
603914
603915
603916
603917
603918
603919
603920
603921
603922
603923
603924
603925
603926
603928
603929
603931
603932
603933
603934
603936
603937
603938
603939
603940
603941
603942
603943
603944
603946
603947
603948
603949
603950
603951
603952
603953
603954
603955
603956
603957
603958
603959
603960
603961
603962
603963
603964
603965
603966
603967
603968
603969
603970
603971
603972
603973
603974
603975
603976
603977
603978
603979
603980
603981
603982
603983
603984
603985
603986
603987
603988
603989
603990
603991
603992
603993
603994
603995
603996
603997
603998
603999
604000
604001
604002
604003
604004
604005
604006
604007
604008
604009
604010
604011
604012
604013
604014
604015
604016
604017
604018
604019
604020
604021
604022
604023
604024
604025
604026
604027
604028
604029
604030
604031
604032
604033
604034
604036
604037
604038
604039
604041
604042
604043
604044
604045
604046
604047
604048
604049
604050
604051
604052
604053
604054
604055
604056
604057
604058
604060
604061
604062
604063
604064
604065
604066
604067
604068
604069
604070
604071
604072
604073
604074
604075
604076
604077
604101
604102
604103
604107
604108
604109
604110
604113
604114
604118
604119
604120
604123
604124
604153
604163
604164
604168
604170
604174
604175
604178
604179
604181
604182
604183
604184
604188
604191
604192
604195
604196
604197
604201
604202
604203
604204
604205
604207
604211
604214
604218
604219
604224
604225
604226
604227
604228
604231
604232
604237
604238
604239
604240
604241
604242
604243
604248
604253
604255
604258
604265
604266
604271
604272
604273
604275
604279
604280
604281
604286
604292
604294
604295
604296
604298
604301
604302
604305
604309
604310
604311
604312
604315
604318
604319
604320
604323
604326
604327
604328
604335
604336
604339
604340
604343
604348
604349
604350
604352
604355
604365
604451
604452
604453
604454
604455
604457
604458
604459
604460
604461
604463
604464
604465
604466
604467
604468
604469
604470
604471
604472
604473
604474
604475
604476
604477
604478
604479
604480
604481
604482
604483
604484
604485
604486
604488
604489
604490
604495
604496
604497
604498
604500
604501
604502
604503
604504
604505
604506
604507
604509
604510
604512
604513
604514
604515
604516
604517
604518
604519
604520
604521
604522
604524
604525
604526
604527
604528
604529
604530
604531
604532
604533
604534
604535
604536
604537
604538
604539
604540
604541
604542
604543
604551
604552
604553
604554
604555
604556
604557
604558
604559
604560
604562
604563
604564
604565
604567
604568
604570
604571
604572
604573
604575
604576
604577
604578
604579
604580
604581
604582
604583
604584
604585
604586
604587
604588
604589
604590
604591
604592
604593
604594
604595
604596
604597
604598
604599
604600
604601
604603
604605
604607
604608
604610
604611
604612
604615
604616
604617
604618
604619
604621
604622
604623
604624
604625
604628
604629
604630
604631
604632
604633
604634
604635
604636
604638
604639
604640
604642
604643
604644
604645
604646
604647
604648
604649
604650
604651
604652
604653
604654
604655
604656
604658
604659
604660
604665
604666
604667
604668
604669
604670
604671
604673
604674
604676
604677
604678
604679
604701
604702
604707
604708
604709
604712
604751
604752
604753
604754
604755
604756
604757
604758
604759
604760
604761
604762
604765
604766
604767
604768
604769
604770
604775
604776
604778
604783
604788
604802
604803
604805
604808
604813
604814
604815
604817
604818
604819
604822
604824
604828
604830
604834
604836
604838
604840
604846
604847
604849
604850
604852
604854
604855
604858
604859
604860
604861
604863
604864
604865
604866
604871
604872
604873
604874
604875
604876
604879
604880
604881
604882
604885
604887
604888
604889
604893
604894
604897
604898
604899
604900
604901
604902
604903
604905
604906
604907
604908
604909
604911
604912
604915
604916
604918
604919
604921
604922
604923
604924
604925
604926
604929
604931
604932
604933
604934
604935
604937
604938
604940
604941
604942
604943
604944
604945
604946
604947
604948
604950
604953
604954
604955
604960
604961
604962
604963
604964
604965
604966
604967
604969
604970
604971
604972
604973
604974
604978
604979
604980
604981
604983
604984
604985
604986
604987
604988
604989
604990
604991
604992
604993
604994
604995
604996
604997
604999
605000
605001
605002
605003
605004
605006
605007
605008
605009
605010
605011
605012
605013
605014
605015
605016
605018
605019
605020
605021
605022
605023
605024
605026
605027
605028
605029
605030
605031
605035
605037
605039
605040
605042
605044
605045
605046
605047
605048
605049
605050
605052
605053
605055
605056
605058
605060
605062
605063
605064
605065
605066
605067
605068
605069
605070
605071
605072
605073
605076
605078
605079
605080
605082
605157
605158
605160
605162
605163
605165
605166
605167
605168
605171
605172
605173
605174
605175
605176
605177
605178
605179
605180
605181
605182
605183
605185
605187
605188
605189
605190
605193
605194
605196
605201
605202
605204
605205
605206
605211
605214
605219
605220
605221
605222
605223
605226
605227
605228
605229
605231
605234
605236
605240
605243
605245
605247
605248
605249
605250
605252
605254
605255
605256
605257
605258
605259
605260
605266
605267
605269
605270
605271
605272
605273
605274
605275
605277
605278
605279
605280
605282
605288
605290
605293
605295
605296
605297
605301
605303
605304
605306
605307
605314
605319
605324
605404
605410
605411
605412
605415
605418
605423
605424
605431
605434
605439
605440
605445
605447
605451
605454
605458
605461
605463
605464
605465
605471
605472
605476
605479
605551
605552
605553
605554
605555
605556
605557
605559
605560
605561
605562
605563
605564
605565
605566
605567
605568
605569
605570
605571
605572
605573
605574
605575
605576
605577
605578
605579
605580
605581
605582
605583
605584
605585
605586
605587
605588
605589
605590
605591
605592
605593
605594
605595
605596
605597
605598
605599
605600
605601
605602
605603
605604
605605
605606
605607
605608
605609
605610
605611
605612
605613
605614
605615
605616
605617
605618
605619
605620
605622
605623
605624
605625
605626
605627
605628
605629
605631
605632
605633
605635
605637
605638
605639
605640
605641
605642
605643
605644
605645
605646
605647
605648
605649
605650
605651
605652
605653
605654
605655
605656
605657
605658
605659
605660
605661
605662
605663
605664
605665
605666
605667
605668
605669
605670
605671
605672
605673
605674
605675
605676
605677
605678
605679
605680
605681
605682
605683
605684
605685
605686
605687
605688
605689
605690
605691
605692
605693
605694
605695
605696
605697
605698
605699
605700
605701
605702
605703
605704
605705
605706
605707
605708
605709
605710
605712
605713
605714
605715
605716
605717
605718
605719
605720
605722
605723
605725
605726
605728
605729
605730
605731
605732
605734
605736
605737
605738
605739
605740
605741
605742
605743
605744
605745
605746
605747
605748
605749
605750
605751
605752
605754
605755
605801
605802
605805
605807
605808
605809
605811
605814
605856
605858
605860
605862
605863
605864
605865
605866
605867
605869
605871
605872
605873
605874
605875
605878
605879
605881
605882
605883
605884
605886
605887
605888
605890
605891
605892
605893
605897
605898
605899
605900
605901
605902
605903
605904
605905
605906
605907
605908
605909
605916
605917
605918
605922
605923
605925
605926
605927
605928
605929
605931
605932
605936
605937
605939
605943
605944
605948
605949
605950
605952
605955
605959
605960
605963
606003
606004
606005
606006
606009
606010
606011
606012
606013
606014
606015
606017
606018
606020
606021
606022
606025
606026
606027
606028
606029
606030
606031
606034
606035
606036
606051
606052
606054
606055
606056
606057
606059
606060
606061
606063
606067
606069
606070
606071
606072
606073
606074
606075
606076
606080
606084
606085
606089
606093
606097
606098
606101
606102
606103
606107
606116
606118
606125
606131
606132
606135
606138
606139
606146
606154
606155
606159
606160
606161
606162
606164
606165
606166
606167
606168
606169
606170
606176
606177
606179
606182
606184
606185
606186
606187
606188
606189
606190
606191
606195
606196
606197
606199
606202
606204
606209
606210
606211
606212
606219
606221
606224
606229
606230
606231
606302
606303
606305
606306
606307
606308
606310
606311
606313
606315
606316
606318
606319
606321
606322
606323
606324
606325
606326
606327
606329
606331
606333
606336
606337
606338
606339
606351
606352
606353
606358
606359
606360
606361
606362
606363
606364
606365
606366
606367
606368
606369
606370
606372
606374
606376
606377
606380
606381
606382
606383
606388
606393
606397
606398
606399
606400
606402
606404
606405
606406
606410
606411
606413
606414
606415
606416
606419
606421
606422
606425
606427
606429
606430
606431
606432
606433
606434
606435
606437
606438
606439
606440
606442
606443
606446
606447
606448
606449
606450
606451
606452
606453
606454
606457
606460
606461
606462
606465
606469
606470
606471
606472
606473
606474
606475
606476
606477
606478
606479
606480
606481
606482
606483
606484
606485
606486
606487
606488
606489
606491
606492
606494
606495
606496
606498
606499
606501
606502
606503
606504
606505
606508
606509
606510
606511
606512
606514
606515
606517
606519
606520
606523
606526
606527
606552
606553
606554
606555
606556
606559
606560
606561
606562
606563
606566
606571
606575
606604
606617
606619
606631
606632
606633
606641
606642
606643
606645
606646
606647
606648
606649
606650
606651
606652
606653
606654
606655
606656
606657
606658
606661
606664
606674
606692
606693
606694
606695
606696
606697
606698
606699
606700
606701
606702
606703
606713
606717
606718
606724
606725
606726
606729
606730
606736
606740
606741
606743
606744
606745
606746
606747
606748
606749
606750
606751
606752
606754
606755
606756
606757
606758
606759
606761
606762
606763
606764
606770
606772
606773
606776
606786
606821
606822
606825
606828
606829
606830
606842
606843
606844
606845
606847
606848
606849
606851
606852
606853
606857
606861
606862
606881
606882
606883
606901
606902
606903
606904
606905
606906
606907
606908
606909
606911
606912
606913
606914
606915
606916
606917
606918
606919
606920
606921
606922
606923
606924
606951
606952
606953
606954
606955
606956
606957
606958
606959
606960
606961
606962
606963
606964
606965
606966
606967
606968
606969
606970
606971
606972
606973
606974
606975
606976
606977
606978
606979
606980
606981
606983
607002
607003
607004
607005
607006
607007
607009
607010
607011
607012
607013
607015
607017
607018
607019
607020
607021
607023
607024
607025
607027
607028
607029
607031
607032
607033
607034
607035
607036
607037
607038
607039
607040
607041
607042
607043
607044
607045
607046
607047
607048
607049
607050
607051
607052
607053
607054
607055
607056
607057
607058
607059
607060
607061
607062
607063
607064
607065
607066
607067
607068
607069
607070
607071
607072
607073
607076
607077
607079
607080
607082
607083
607084
607085
607087
607089
607090
607091
607093
607094
607095
607096
607097
607098
607099
607100
607101
607103
607104
607106
607107
607108
607110
607111
607112
607113
607114
607115
607116
607117
607118
607119
607120
607121
607123
607124
607125
607129
607130
607131
607132
607133
607134
607135
607136
607137
607141
607142
607144
607145
607146
607150
607152
607153
607154
607155
607157
607158
607159
607160
607161
607162
607163
607164
607165
607166
607167
607168
607169
607171
607175
607176
607177
607178
607181
607182
607184
607185
607190
607192
607196
607197
607198
607199
607200
607201
607202
607203
607204
607206
607208
607209
607211
607212
607216
607218
607219
607220
607221
607222
607223
607226
607228
607229
607230
607231
607233
607234
607236
607237
607239
607240
607241
607243
607244
607245
607246
607247
607248
607250
607251
607252
607254
607257
607262
607263
607264
607265
607267
607268
607269
607271
607273
607274
607275
607277
607278
607281
607282
607284
607285
607286
607287
607288
607289
607290
607291
607292
607294
607295
607296
607297
607298
607299
607300
607301
607304
607305
607306
607308
607310
607311
607312
607313
607316
607317
607319
607321
607322
607323
607324
607326
607327
607328
607329
607331
607332
607333
607334
607336
607338
607339
607340
607341
607342
607343
607344
607345
607346
607347
607348
607350
607352
607354
607356
607357
607359
607360
607361
607362
607365
607366
607367
607368
607369
607370
607371
607372
607373
607374
607375
607376
607377
607378
607381
607382
607383
607384
607385
607386
607387
607388
607389
607390
607391
607392
607394
607395
607396
607398
607399
607400
607401
607402
607403
607405
607406
607407
607408
607409
607410
607411
607412
607414
607415
607416
607419
607422
607426
607501
607502
607503
607505
607506
607507
607508
607509
607510
607511
607512
607513
607514
607515
607516
607517
607518
607519
607520
607521
607522
607523
607524
607525
607526
607527
607528
607529
607530
607531
607532
607533
607534
607535
607536
607537
607538
607539
607540
607541
607542
607543
607544
607545
607546
607547
607548
607549
607550
607552
607553
607554
607555
607556
607558
607559
607560
607561
607562
607563
607564
607565
607566
607567
607568
607569
607570
607572
607601
607602
607603
607604
607605
607606
607607
607608
607609
607610
607611
607612
607613
607614
607615
607616
607617
607618
607620
607621
607622
607623
607624
607625
607626
607627
607628
607630
607631
607651
607652
607653
607654
607655
607656
607658
607659
607660
607701
607702
607704
607705
607706
607707
607708
607709
607710
607711
607712
607713
607714
607716
607717
607718
607719
607720
607721
607722
607723
607725
607726
607727
607728
607729
607730
607731
607733
607734
607735
607736
607737
607738
607739
607740
607741
607742
607743
607744
607745
607746
607747
607748
607749
607750
607751
607753
607754
607755
607756
607757
607758
607760
607761
607762
607763
607765
607766
607802
607808
607809
607812
607813
607817
607821
607822
607823
607824
607825
607831
607834
607838
607839
607840
607841
607842
607843
607844
607845
607848
607849
607850
607851
607858
607861
607866
607867
607868
607869
607870
607872
607879
607883
607884
607885
607886
607887
607888
607889
607894
607895
607898
607904
607905
607906
607909
607911
607920
607925
607926
607927
607928
607929
607930
607931
607937
607939
607940
607944
607946
607950
607952
607958
607959
607962
607965
607966
607969
607971
607974
607975
607977
607980
607981
607982
607990
607991
607992
607994
607995
608003
608004
608005
608006
608008
608009
608010
608014
608015
608016
608017
608018
608019
608020
608022
608023
608024
608025
608026
608028
608029
608031
608032
608033
608034
608036
608037
608038
608039
608040
608041
608042
608044
608045
608046
608047
608048
608049
608050
608051
608056
608057
608058
608059
608060
608062
608063
608064
608065
608066
608067
608069
608070
608076
608077
608078
608081
608087
608093
608095
608100
608107
608110
608112
608117
608127
608402
608403
608404
608405
608408
608409
608412
608413
608414
608415
608416
608418
608419
608422
608423
608424
608425
608426
608427
608428
608430
608432
608435
608436
608437
608454
608457
608463
608464
608465
608468
608470
608471
608473
608475
608477
608478
608479
608482
608483
608484
608486
608488
608489
608490
608491
608492
608493
608497
608498
608500
608501
608503
608505
608510
608513
608516
608519
608523
608524
608529
608530
608531
608535
608536
608538
608540
608541
608544
608550
608552
608556
608601
608602
608604
608606
608607
608609
608610
608616
608617
608620
608621
608622
608626
608628
608629
608633
608636
608638
608639
608641
608643
608644
608647
608648
608649
608653
608654
608655
608656
608657
608658
608660
608661
608662
608663
608664
608668
608669
608670
608671
608672
608675
608676
608677
608678
608679
608681
608683
608684
608686
608688
608689
608690
608691
608692
608693
608694
608695
608698
608699
608700
608701
608703
608704
608705
608706
608707
608708
608710
608711
608713
608714
608715
608716
608717
608719
608725
608729
608753
608756
608757
608760
608762
608765
608767
608788
608801
608804
608806
608811
608812
608813
608815
608816
608819
608820
608821
608822
608823
608824
608828
608829
608830
608831
608832
608833
608834
608835
608836
608837
608838
608841
608842
608843
608844
608847
608848
608849
608851
608852
608853
608854
608859
608860
608861
608862
608864
608865
608867
608868
608870
608871
608872
608873
608874
608875
608877
608879
608881
608882
608883
608884
608886
608888
608889
608890
608893
608894
608895
608896
608897
608898
608900
608901
608904
608908
608911
608951
608952
608953
608962
608965
608984
608991
608994
608996
608998
609000
609054
609073
609074
609089
609090
609107
609111
609123
609202
609203
609205
609214
609215
609217
609218
609221
609227
609228
609229
609231
609232
609233
609235
609237
609238
609239
609240
609244
609251
609252
609255
609256
609257
609258
609259
609260
609261
609262
609263
609266
609268
609269
609270
609271
609272
609308
609362
609363
609364
609366
609367
609368
609369
609370
609371
609372
609373
609374
609375
609376
609377
609378
609379
609380
609382
609383
609384
609385
609386
609387
609388
609389
609390
609391
609392
609393
609394
609395
609396
609397
609398
609399
609400
609401
609403
609404
609406
609407
609408
609409
609410
609411
609412
609413
609414
609415
609416
609417
609419
609420
609421
609422
609423
609424
609425
609426
609427
609428
609429
609430
609431
609432
609433
609434
609435
609436
609437
609439
609440
609441
609442
609443
609445
609446
609447
609448
609449
609450
609451
609453
609454
609455
609456
609457
609459
609460
609461
609463
609464
609465
609466
609467
609468
609469
609470
609471
609472
609473
609474
609475
609476
609477
609478
609479
609480
609481
609482
609483
609485
609487
609488
609489
609490
609491
609494
609495
609498
609499
609500
609501
609502
609503
609504
609505
609506
609507
609509
609510
609511
609512
609513
609514
609515
609516
609517
609519
609520
609521
609522
609523
609571
609572
609573
609574
609576
609577
609579
609580
609581
609582
609583
609584
609585
609586
609587
609589
609591
609592
609593
609594
609596
609597
609599
609600
609601
609602
609603
609604
609605
609606
609607
609608
609609
609610
609612
609613
609614
609615
609617
609618
609619
609620
609621
609622
609623
609624
609627
609628
609631
609632
609634
609635
609637
609638
609639
609640
609641
609642
609643
609644
609645
609646
609647
609648
609649
609651
609652
609654
609655
609656
609657
609658
609659
609660
609661
609662
609663
609665
609666
609667
609668
609669
609670
609671
609672
609673
609674
609675
609676
609677
609678
609679
609680
609681
609682
609683
609684
609685
609686
609687
609688
609689
609690
609691
609692
609693
609694
609695
609696
609697
609700
609701
609703
609704
609705
609706
609707
609710
609713
609714
609715
609718
609719
609720
609721
609722
609723
609724
609725
609726
609727
609728
609729
609730
609731
609732
609733
609734
609735
609736
609737
609738
609739
609740
609741
609743
609744
609745
609746
609748
609749
609750
609751
609752
609753
609754
609755
609756
609757
609758
609759
609760
609761
609762
609763
609765
609766
609767
609768
609769
609770
609771
609774
609775
609776
609777
609780
609783
609784
609785
609787
609788
609789
609791
609792
609793
609794
609796
609797
609799
609800
609801
609802
609803
609804
609805
609806
609807
609809
609810
609811
609812
609813
609816
609817
609819
609820
609821
609822
609823
609824
609825
609826
609827
609828
609829
609830
609831
609832
609833
609834
609835
609836
609837
609838
609839
609840
609841
609842
609845
609846
609848
609849
609850
609851
609852
609854
609855
609856
609857
609858
609859
609860
609861
609863
609864
609865
609867
609868
609872
609873
609874
609877
609882
609921
609924
609925
609927
609930
609931
609932
609933
609934
609935
609936
609939
609943
609944
609945
609948
609953
609954
609955
609956
609957
609958
609959
609960
609961
609965
609971
609972
609973
609974
609975
609977
609978
609979
609981
609982
609983
609984
609985
609986
609988
609989
609990
609991
609994
609996
609998
609999
610000
610001
610003
610005
610006
610008
610009
610010
610011
610012
610014
610015
610017
610021
610022
610025
610026
610027
610029
610030
610032
610036
610038
610040
610041
610042
610043
610044
610045
610046
610047
610048
610049
610050
610051
610053
610054
610055
610056
610057
610058
610059
610061
610062
610063
610064
610065
610069
610070
610142
610144
610145
610148
610153
610159
610160
610161
610173
610177
610178
610180
610183
610186
610193
610195
610198
610202
610203
610211
610212
610218
610219
610221
610222
610223
610226
610227
610228
610231
610233
610234
610236
610237
610238
610239
610240
610241
610242
610244
610246
610247
610248
610249
610250
610252
610254
610255
610256
610257
610271
610272
610273
610274
610282
610283
610284
610286
610292
610293
610296
610298
610306
610309
610311
610315
610322
610330
610332
610333
610336
610343
610349
610357
610367
610370
610371
610373
610374
610375
610379
610384
610391
610392
610393
610398
610400
610405
610414
610415
610416
610421
610423
610425
610428
610430
610437
610438
610440
610481
610482
610483
610484
610486
610487
610488
610490
610491
610501
610502
610521
610522
610523
610528
610529
610532
610535
610537
610539
610540
610551
610552
610553
610554
610555
610556
610557
610558
610559
610560
610561
610562
610563
610564
610565
610567
610568
610601
610602
610604
610606
610607
610608
610609
610610
610611
610612
610613
610614
610615
610617
610619
610620
610622
610624
610625
610626
610627
610628
610629
610630
610631
610632
610651
610657
610658
610659
610662
610663
610664
610701
610702
610703
610704
610705
610706
610707
610708
610709
610710
610711
610712
610713
610714
610715
610716
610717
610718
610753
610754
610756
610759
610761
610762
610801
610851
610852
610853
610854
610855
610856
610857
610858
610859
610860
610861
610862
610863
610864
610865
610866
610867
610868
610869
610870
610871
610872
610873
610874
610875
610876
610877
610878
610879
610880
610881
610882
610883
610884
610885
610886
610887
610889
610890
610891
610892
610893
610894
610895
610896
610897
610898
610899
610900
610901
610902
610903
610904
610905
610906
610907
610908
610909
610910
610911
610912
610913
610914
610915
610916
610917
610918
610919
610920
610921
610922
610923
610924
610925
610926
610927
610928
610929
610930
610931
610932
610933
610934
610935
610936
610937
610938
610939
610940
610941
610942
610943
610944
610945
610946
610947
610948
610949
610950
610951
610952
610953
610954
610955
610956
610957
610958
610959
610960
610961
610962
610963
610964
610965
610966
610967
610968
610969
610970
610971
610972
610973
610975
610977
611002
611003
611004
611005
611007
611008
611009
611012
611013
611014
611015
611016
611017
611019
611020
611021
611022
611023
611024
611026
611028
611029
611030
611032
611033
611034
611035
611036
611037
611038
611040
611043
611046
611047
611048
611050
611051
611052
611053
611058
611061
611062
611063
611064
611065
611066
611067
611068
611069
611070
611074
611077
611078
611079
611080
611082
611083
611084
611085
611087
611088
611089
611092
611093
611095
611097
611098
611099
611100
611102
611104
611106
611107
611108
611109
611110
611113
611114
611117
611122
611123
611125
611126
611127
611128
611129
611133
611134
611201
611202
611205
611206
611207
611208
611209
611210
611211
611213
611214
611216
611217
611218
611220
611221
611222
611223
611226
611227
611229
611251
611252
611254
611255
611260
611262
611265
611266
611267
611269
611270
611273
611274
611277
611278
611279
611282
611283
611305
611309
611312
611318
611319
611329
611351
611352
611353
611354
611355
611356
611357
611358
611359
611360
611361
611362
611363
611364
611365
611376
611403
611405
611407
611408
611410
611412
611413
611414
611416
611418
611419
611420
611421
611424
611425
611427
611429
611430
611434
611436
611437
611441
611442
611449
611455
611458
611460
611463
611466
611468
611474
611477
611478
611485
611489
611498
611499
611501
611502
611508
611510
611511
611512
611514
611524
611525
611538
611541
611543
611544
611545
611550
611552
611553
611554
611560
611567
611568
611571
611572
611578
611579
611582
611590
611592
611593
611594
611703
611705
611709
611710
611715
611719
611723
611730
611732
611734
611751
611752
611753
611754
611755
611756
611759
611762
611767
611768
611770
611771
611772
611775
611778
611779
611781
611782
611788
611791
611792
611794
611797
611798
611801
611802
611851
611852
611853
611854
611855
611856
611859
611861
611862
611863
611869
611878
611884
611885
611886
611888
611891
611892
611896
611897
611904
611909
611913
611915
611916
611917
611918
611921
611931
611932
611933
611934
611936
611937
611940
611945
611954
611956
611957
611959
611960
611961
611965
611966
611972
611974
611976
611981
611983
611984
611985
611986
611987
611988
611990
611991
611995
611996
611997
611998
611999
612001
612003
612004
612005
612009
612010
612011
612012
612013
612014
612015
612016
612017
612018
612019
612020
612021
612022
612025
612027
612031
612032
612034
612036
612037
612038
612039
612040
612041
612042
612043
612044
612045
612046
612047
612048
612049
612052
612054
612055
612056
612058
612059
612060
612061
612062
612063
612064
612068
612069
612070
612072
612073
612074
612077
612079
612081
612082
612083
612084
612085
612086
612087
612089
612090
612093
612098
612100
612102
612104
612107
612108
612109
612110
612111
612116
612121
612123
612126
612128
612129
612132
612133
612138
612140
612142
612145
612146
612147
612152
612153
612155
612160
612162
612164
612166
612168
612171
612173
612177
612179
612180
612184
612185
612187
612190
612191
612200
612202
612203
612209
612301
612302
612303
612304
612305
612306
612307
612308
612309
612310
612311
612312
612313
612314
612315
612316
612317
612319
612320
612323
612327
612331
612334
612336
612337
612341
612342
612343
612362
612363
612372
612377
612378
612383
612392
612393
612399
612400
612402
612403
612406
612407
612431
612435
612437
612443
612444
612445
612449
612453
612455
612457
612474
612479
612480
612581
612582
612583
612585
612586
612589
612590
612592
612601
612605
612614
612619
612626
612629
612635
612641
612649
612658
612660
612662
612664
612667
612668
612670
612675
612677
612678
612679
612680
612682
612683
612684
612693
612701
612704
612713
612717
612729
612730
612733
612735
612737
612738
612741
612742
612745
612748
612756
612757
612761
612762
612763
612764
612765
612767
612768
612769
612772
612773
612775
612776
612777
612781
612789
612901
612902
612912
612913
612915
612916
612917
612920
612933
612935
612940
612943
612948
612952
612953
612971
612973
612994
612995
612997
612998
613001
613003
613024
613037
613039
613042
613052
613056
613057
613061
613069
613070
613074
613080
613081
613082
613083
613086
613097
613110
613115
613122
613132
613149
613152
613165
613233
613238
613248
613252
613254
613257
613258
613262
613269
613271
613272
613274
613278
613280
613351
613353
613355
613356
613357
613358
613359
613360
613361
613362
613364
613365
613366
613367
613368
613371
613401
613402
613403
613404
613406
613408
613409
613410
613411
613412
613413
613414
613415
613416
613417
613419
613420
613421
613422
613423
613425
613426
613427
613428
613429
613430
613431
613433
613434
613435
613436
613437
613438
613439
613440
613441
613442
613444
613445
613446
613447
613448
613449
613451
613452
613453
613454
613455
613456
613457
613458
613460
613461
613462
613463
613464
613465
613466
613467
613468
613470
613472
613473
613475
613477
613478
613554
613557
613558
613560
613562
613563
613565
613567
613568
613569
613572
613652
613653
613654
613655
613656
613657
613659
613662
613664
613669
613701
613705
613706
613711
613752
613759
613761
613763
613766
613768
613769
613772
613801
613802
613803
613804
613805
613806
613807
613808
613809
613810
613811
613812
613813
613814
613815
613816
613817
613819
613820
613821
613822
613823
613824
613825
613826
613829
613830
613831
613832
613833
613834
613835
613836
613851
613853
613855
613857
613858
613859
613860
613863
613865
613872
613873
613874
613876
613878
613879
613882
613883
613887
613888
613889
613891
613892
613894
613895
613899
613900
613902
613904
613905
613907
613908
613909
613911
613913
613914
613915
613917
613918
613921
613922
613923
613924
613925
613926
613927
613928
613930
613931
614008
614009
614010
614016
614019
614021
614022
614035
614036
614040
614041
614042
614047
614052
614053
614056
614061
614062
614072
614076
614079
614080
614081
614083
614088
614089
614095
614096
614109
614113
614116
614118
614119
614120
614125
614141
614144
614145
614146
614147
614150
614151
614153
614154
614158
614161
614162
614168
614170
614175
614181
614303
614304
614305
614307
614308
614310
614321
614322
614324
614325
614326
614327
614328
614329
614330
614332
614333
614335
614336
614338
614339
614342
614344
614346
614347
614348
614349
614351
614354
614355
614357
614358
614359
614360
614361
614362
614363
614365
614366
614367
614368
614369
614371
614372
614373
614374
614375
614376
614378
614403
614404
614405
614407
614411
614421
614422
614435
614436
614438
614439
614452
614453
614455
614463
614469
614470
614472
614473
614474
614476
614477
614478
614501
614504
614505
614507
614509
614513
614514
614515
614520
614523
614524
614525
614526
614527
614528
614530
614534
614535
614536
614538
614539
614540
614541
614542
614543
614544
614545
614548
614549
614550
614551
614552
614554
614556
614557
614560
614561
614562
614564
614565
614566
614567
614568
614569
614570
614571
614572
614573
614574
614576
614577
614578
614579
614580
614584
614585
614586
614587
614588
614589
614590
614591
614594
614595
614596
614597
614598
614599
614601
614602
614603
614604
614605
614606
614607
614608
614609
614610
614611
614615
614616
614617
614618
614620
614622
614624
614625
614626
614628
614629
614630
614632
614633
614634
614635
614636
614637
614638
614639
614641
614642
614643
614644
614645
614646
614647
614649
614652
614653
614654
614655
614656
614657
614658
614661
614662
614664
614665
614666
614670
614671
614672
614674
614675
614677
614678
614682
614683
614684
614685
614686
614687
614689
614690
614692
614696
614698
614704
614705
614707
614708
614709
614710
614711
614712
614713
614715
614716
614719
614724
614725
614726
614901
614902
614903
614904
614905
614906
614907
614908
614909
614910
614911
614912
614913
614914
614915
614916
614917
614918
614919
614920
614921
614922
614923
614924
614925
614926
614927
614928
614929
614930
614931
614932
614953
614955
614956
614958
614961
614962
614963
614964
614965
614966
614967
614968
614969
614981
614982
615001
615003
615004
615005
615006
615009
615011
615012
615017
615019
615020
615023
615024
615025
615026
615028
615029
615031
615032
615033
615034
615035
615036
615037
615042
615043
615046
615047
615048
615049
615051
615052
615055
615057
615060
615061
615065
615066
615070
615072
615074
615101
615102
615106
615107
615109
615111
615114
615116
615117
615118
615119
615151
615153
615154
615155
615157
615158
615159
615202
615204
615255
615256
615258
615306
615307
615308
615309
615313
615314
615315
615318
615319
615323
615325
615326
615331
615336
615338
615340
615341
615344
615346
615349
615350
615353
615355
615356
615357
615360
615361
615372
615377
615380
615384
615388
615401
615403
615404
615405
615406
615410
615413
615415
615416
615417
615418
615419
615420
615421
615422
615423
615425
615426
615427
615428
615429
615430
615431
615432
615433
615434
615435
615436
615437
615439
615440
615443
615444
615445
615446
615447
615448
615449
615450
615451
615452
615453
615454
615457
615458
615459
615460
615461
615463
615465
615466
615467
615469
615470
615472
615474
615475
615476
615477
615479
615480
615481
615482
615483
615485
615486
615487
615488
615489
615490
615491
615495
615496
615497
615501
615502
615505
615507
615508
615509
615510
615511
615516
615522
615524
615525
615526
615527
615528
615531
615532
615538
615539
615543
615544
615545
615546
615547
615549
615550
615551
615553
615556
615563
615564
615566
615567
615571
615575
615576
615578
615580
615581
615583
615584
615591
615592
615593
615594
615596
615597
615599
615600
615602
615603
615608
615613
615623
615624
615632
615635
615651
615653
615704
615720
615732
615737
615747
615749
615750
615753
615757
615761
615765
615782
615803
615804
615806
615807
615852
615854
615855
615856
615859
615865
615874
615883
615888
615894
615896
615905
615911
615918
615922
615924
615927
615928
615930
615931
615938
615939
615940
615945
615951
615952
615954
615955
615956
615957
615958
615959
616002
616003
616005
616007
616008
616009
616010
616011
616012
616013
616015
616017
616018
616019
616021
616022
616024
616025
616026
616027
616031
616033
616034
616035
616036
616037
616038
616040
616041
616044
616045
616051
616052
616115
616120
616124
616151
616152
616153
616155
616156
616157
616158
616160
616161
616162
616164
616165
616167
616169
616170
616201
616203
616204
616205
616207
616208
616209
616210
616211
616212
616213
616214
616215
616216
616252
616253
616301
616305
616308
616310
616311
616312
616314
616315
616353
616356
616360
616361
616362
616366
616369
616375
616378
616380
616381
616383
616384
616385
616387
616388
616391
616401
616402
616403
616405
616406
616407
616410
616411
616451
616452
616455
616458
616465
616466
616470
616473
616486
616489
616491
616494
616498
616500
616501
616502
616503
616504
616505
616506
616508
616509
616510
616511
616512
616513
616514
616515
616516
616517
616518
616519
616521
616522
616524
616527
616531
616532
616534
616536
616537
616538
616602
616603
616605
616651
616657
616658
616660
616701
616702
616703
616704
616705
616706
616707
616708
616709
616710
616711
616712
616713
616714
616715
616716
616718
616719
616720
616721
616722
616723
616724
616725
616726
616727
616728
616729
616730
616731
616732
616733
616734
616735
616736
616737
616738
616739
616740
616741
616742
616744
616745
616746
616747
616748
616749
616750
616751
616752
616753
616754
616755
616756
616757
616758
616759
616760
616761
616762
616801
616802
616803
616804
616805
616806
616807
616808
616809
616811
616812
616813
616852
616854
616855
616856
616857
616858
616859
616860
616861
616862
616865
616867
616868
616869
616874
616876
616877
616878
616879
616901
616904
616907
616908
616909
616910
616912
616913
616914
616915
616916
616917
616918
616922
616923
616924
616925
616926
616928
616930
616954
616955
616957
616958
616959
616961
616962
616963
616964
616965
616967
616968
616969
616970
616971
616972
616974
616975
616976
616978
616979
616981
616982
616983
616984
616985
616986
616987
616988
616990
616993
616995
616996
616998
616999
617001
617002
617003
617004
617005
617007
617008
617009
617011
617013
617014
617015
617016
617017
617018
617020
617021
617022
617023
617024
617025
617026
617027
617029
617032
617033
617034
617035
617036
617037
617039
617040
617041
617043
617044
617045
617046
617047
617048
617049
617050
617051
617052
617053
617055
617056
617057
617058
617060
617061
617062
617064
617065
617066
617068
617069
617071
617072
617073
617076
617077
617081
617082
617084
617085
617086
617087
617088
617089
617091
617101
617103
617104
617105
617106
617107
617108
617109
617110
617111
617113
617114
617153
617155
617156
617157
617159
617160
617162
617163
617201
617202
617211
617214
617217
617221
617224
617225
617226
617232
617233
617234
617235
617236
617237
617238
617239
617242
617243
617249
617252
617253
617254
617256
617257
617259
617260
617262
617263
617264
617265
617266
617269
617270
617271
617272
617274
617276
617277
617278
617279
617280
617281
617284
617285
617286
617287
617289
617290
617291
617292
617293
617296
617297
617298
617299
617302
617303
617304
617307
617309
617312
617320
617322
617324
617325
617337
617338
617342
617343
617345
617346
617348
617349
617350
617352
617355
617358
617359
617360
617361
617362
617363
617364
617366
617368
617369
617370
617372
617374
617376
617377
617378
617379
617383
617387
617388
617389
617394
617395
617396
617397
617399
617400
617403
617404
617406
617407
617410
617411
617412
617414
617415
617416
617417
617419
617420
617422
617423
617424
617425
617426
617429
617430
617432
617433
617434
617435
617437
617438
617439
617444
617445
617446
617447
617448
617501
617503
617504
617505
617506
617507
617508
617509
617510
617511
617512
617513
617514
617515
617516
617517
617518
617519
617521
617523
617525
617527
617531
617534
617535
617536
617537
617539
617540
617541
617542
617543
617544
617545
617547
617548
617550
617551
617552
617553
617554
617556
617564
617565
617566
617568
617569
617570
617574
617575
617577
617578
617579
617580
617581
617582
617584
617585
617586
617587
617588
617591
617592
617593
617594
617595
617597
617598
617599
617600
617602
617603
617604
617605
617606
617607
617608
617609
617610
617611
617612
617614
617615
617616
617617
617618
617619
617620
617622
617623
617624
617625
617626
617627
617628
617629
617632
617633
617634
617635
617636
617637
617638
617639
617640
617643
617646
617647
617648
617649
617650
617651
617653
617656
617657
617659
617660
617661
617662
617663
617664
617665
617666
617669
617671
617672
617673
617674
617675
617676
617678
617681
617682
617684
617685
617686
617687
617688
617689
617690
617691
617692
617696
617698
617699
617700
617701
617703
617704
617705
617706
617707
617712
617713
617714
617716
617718
617719
617720
617721
617722
617723
617724
617725
617726
617727
617730
617731
617732
617733
617735
617737
617738
617740
617742
617744
617745
617746
617747
617748
617750
617751
617752
617757
617761
617764
617765
617766
617767
617768
617773
617777
617779
617780
617781
617785
617786
617791
617792
617851
617852
617853
617854
617855
617856
617857
617859
617860
617861
617862
617863
617864
617865
617866
617951
617956
617957
617958
617961
617962
617966
617967
617971
617972
617973
617977
617979
617981
617985
617986
617989
617991
617992
617993
617995
617996
617997
617998
617999
618003
618004
618005
618008
618013
618016
618018
618020
618021
618023
618025
618027
618029
618031
618038
618041
618045
618051
618053
618056
618058
618059
618060
618062
618066
618069
618070
618071
618074
618077
618078
618085
618100
618101
618102
618106
618108
618110
618116
618119
618122
618124
618125
618126
618127
618129
618132
618134
618137
618138
618139
618143
618150
618153
618218
618220
618251
618252
618253
618254
618255
618256
618257
618258
618259
618260
618261
618262
618263
618264
618265
618266
618267
618301
618303
618304
618305
618306
618307
618308
618309
618310
618312
618313
618314
618315
618316
618317
618318
618319
618320
618321
618323
618324
618325
618326
618327
618330
618331
618332
618333
618334
618335
618336
618337
618338
618340
618341
618342
618343
618344
618345
618346
618347
618348
618350
618352
618353
618354
618355
618356
618357
618358
618359
618360
618361
618362
618363
618364
618365
618366
618367
618368
618369
618370
618371
618372
618373
618374
618375
618376
618377
618378
618379
618380
618381
618385
618386
618387
618388
618389
618390
618391
618392
618393
618394
618395
618396
618397
618398
618399
618400
618401
618402
618403
618404
618405
618406
618409
618410
618411
618412
618413
618414
618415
618416
618417
618419
618420
618421
618422
618423
618425
618426
618427
618429
618430
618433
618434
618435
618436
618437
618438
618439
618440
618441
618442
618443
618444
618445
618446
618447
618448
618449
618450
618451
618452
618453
618454
618455
618456
618457
618458
618459
618460
618461
618462
618463
618464
618465
618466
618467
618468
618469
618470
618471
618472
618473
618474
618475
618476
618477
618478
618479
618480
618481
618482
618483
618484
618485
618486
618487
618488
618489
618490
618491
618492
618494
618495
618496
618497
618498
618499
618503
618504
618506
618508
618509
618510
618512
618513
618514
618515
618517
618519
618520
618521
618523
618524
618525
618526
618527
618528
618529
618531
618532
618533
618534
618535
618536
618537
618538
618539
618540
618541
618543
618544
618546
618547
618548
618549
618550
618551
618552
618553
618555
618556
618557
618560
618561
618562
618563
618564
618565
618566
618567
618569
618570
618571
618572
618573
618575
618576
618578
618580
618581
618582
618583
618584
618585
618586
618587
618588
618589
618590
618591
618651
618652
618701
618702
618703
618704
618705
618706
618707
618709
618710
618711
618712
618714
618715
618716
618717
618718
618719
618720
618721
618724
618726
618728
618729
618730
618731
618732
618733
618735
618738
618741
618742
618745
618746
618801
618802
618803
618804
618806
618807
618808
618809
618812
618813
618814
618815
618816
618817
618818
618819
618820
618821
618822
618823
618824
618825
618826
618828
618829
618830
618831
618832
618833
618834
618835
618836
618837
618838
618839
618840
618841
618842
618844
618846
618847
618848
618849
618850
618851
618852
618853
618854
618855
618857
618858
618859
618862
618863
618864
618866
618867
618868
618869
618870
618871
618872
618873
618875
618876
618877
618878
618879
618880
618881
618882
618883
618884
618885
618886
618888
618889
618891
618892
618895
618896
618897
618898
618899
618951
618952
618953
618955
618956
618959
618960
618961
618962
618963
618964
618965
618966
618967
618968
618969
618970
618971
618972
618973
618974
618975
618976
618977
618978
618980
618981
618982
618983
618984
618987
618988
618989
618990
618991
618992
618993
618997
618998
618999
619000
619001
619002
619003
619004
619006
619007
619054
619055
619056
619058
619059
619060
619061
619063
619064
619101
619102
619103
619104
619161
619163
619164
619202
619204
619205
619206
619208
619209
619210
619211
619212
619213
619214
619215
619216
619217
619218
619219
619221
619251
619357
619358
619401
619402
619403
619404
619405
619406
619407
619408
619409
619410
619411
619412
619413
619414
619415
619416
619452
619453
619454
619456
619458
619463
619464
619467
619468
619469
619470
619471
619473
619474
619551
619552
619553
619554
619555
619556
619557
619558
619559
619561
619562
619564
619565
619567
619568
619569
619570
619574
619575
619577
619580
619601
619602
619603
619661
619664
619703
619707
619708
619752
619753
619801
619802
619803
619804
619805
619806
619807
619808
619809
619810
619813
619815
619816
619819
619820
619822
619823
619824
619825
619826
619829
619830
619831
619832
619833
619835
619836
619837
619851
619852
619853
619854
619855
619856
619857
619858
619859
619860
619861
619862
619863
619864
619865
619866
619867
619868
619901
619902
619903
619904
619905
619906
619907
619908
619909
619910
619911
619912
619913
619914
619915
619916
619917
619918
619920
619921
619922
619923
619924
619925
619926
619927
619951
619952
619953
619954
619955
619956
619957
619958
619959
619960
619961
619962
619963
619964
619965
619966
619967
619968
619969
619970
619971
619972
619973
619974
619975
619976
619977
619978
619979
619980
619981
619982
619983
619984
619985
619986
619987
619989
619991
619992
619993
619994
619995
619996
619997
619998
619999
620000
620001
620002
620003
620004
620005
620006
620007
620008
620010
620011
620051
620052
620053
620054
620101
620102
620103
620104
620105
620106
620107
620108
620109
620110
620111
620112
620113
620114
620115
620116
620117
620118
620119
620120
620121
620122
620151
620152
620153
620154
620155
620158
620160
620162
620163
620164
620166
620167
620168
620169
620170
620171
620172
620173
620174
620175
620176
620177
620182
620183
620184
620185
620186
620189
620191
620193
620194
620197
620199
620200
620201
620202
620204
620206
620211
620213
620214
620215
620216
620217
620218
620221
620224
620226
620227
620228
620229
620230
620231
620232
620233
620234
620235
620236
620237
620238
620239
620242
620243
620248
620249
620251
620252
620253
620254
620256
620257
620258
620302
620304
620306
620307
620312
620313
620320
620321
620322
620323
620324
620325
620326
620331
620332
620336
620337
620338
620340
620345
620346
620352
620401
620402
620403
620404
620405
620406
620407
620409
620410
620411
620412
620413
620414
620415
620416
620417
620418
620419
620420
620451
620452
620453
620454
620456
620460
620461
620462
620463
620464
620466
620470
620471
620472
620475
620476
620478
620479
620480
620481
620482
620484
620488
620489
620491
620492
620494
620495
620496
620497
620498
620499
620500
620503
620507
620508
620515
620518
620519
620521
620524
620532
620533
620535
620551
620553
620556
620557
620558
620559
620560
620561
620562
620563
620564
620565
620566
620567
620568
620569
620570
620571
620601
620602
620603
620604
620605
620606
620607
620608
620609
620610
620611
620612
620614
620615
620616
620617
620619
620620
620622
620624
620625
620627
620628
620629
620630
620631
620632
620633
620634
620635
620636
620637
620638
620639
620640
620641
620642
620643
620644
620645
620701
620704
620706
620707
620709
620710
620712
620713
620715
620717
620718
620719
620720
620721
620722
620723
620724
620725
620726
620727
620728
620729
620730
620732
620733
620734
620740
620751
620753
620754
620755
620756
620757
620758
620760
620761
620762
620763
620764
620765
620766
620767
620768
620769
620770
620771
620772
620773
620774
620775
620776
620777
620778
620779
620780
620781
620782
620783
620784
620785
620786
620787
620789
620790
620791
620792
620793
620794
620795
620796
620797
620799
620800
620851
620853
620854
620858
620859
620863
620864
620865
620902
620904
620905
620906
620907
620951
620952
620953
620954
620955
620956
620957
620958
621001
621060
621102
621103
621151
621152
621153
621154
621155
621156
621157
621159
621160
621161
621162
621163
621164
621165
621166
621167
621169
621171
621172
621173
621174
621175
621176
621177
621178
621179
621181
621182
621183
621184
621186
621187
621188
621189
621190
621191
621192
621193
621194
621195
621197
621198
621199
621201
621202
621203
621204
621255
621262
621265
621271
621301
621302
621303
621305
621306
621307
621308
621309
621311
621312
621314
621315
621316
621401
621402
621403
621404
621405
621406
621407
621408
621409
621410
621411
621412
621413
621414
621415
621416
621417
621418
621419
621420
621421
621422
621423
621424
621425
621426
621427
621428
621429
621430
621431
621432
621433
621434
621435
621436
621437
621438
621439
621440
621441
621442
621444
621445
621446
621447
621448
621449
621450
621451
621452
621453
621454
621455
621456
621457
621458
621459
621460
621461
621462
621463
621464
621465
621466
621467
621468
621469
621470
621471
621472
621473
621474
621475
621476
621477
621478
621479
621480
621481
621482
621483
621484
621485
621486
621487
621488
621489
621490
621491
621492
621493
621494
621495
621496
621497
621498
621551
621552
621553
621554
621555
621556
621557
621558
621559
621561
621562
621563
621564
621565
621566
621567
621568
621569
621570
621571
621572
621573
621575
621576
621577
621578
621579
621580
621581
621582
621583
621584
621585
621586
621587
621588
621589
621592
621593
621594
621595
621596
621597
621598
621599
621600
621601
621602
621603
621604
621605
621606
621607
621608
621609
621610
621611
621612
621613
621614
621615
621616
621617
621618
621619
621621
621622
621623
621624
621625
621626
621627
621628
621629
621630
621631
621632
621634
621635
621636
621637
621638
621639
621640
621641
621642
621643
621644
621645
621646
621647
621648
621649
621650
621651
621652
621653
621654
621656
621657
621658
621659
621661
621665
621667
621668
621669
621670
621671
621672
621673
621674
621675
621676
621677
621678
621679
621680
621681
621682
621683
621687
621688
621689
621692
621693
621695
621697
621698
621699
621752
621801
621802
621803
621804
621806
621807
621808
621852
621853
621951
621952
621953
621954
621955
621956
621957
621959
621960
621961
621962
621963
621964
621965
621966
621967
621969
621970
621971
621972
621973
621974
621975
621976
621977
621980
621981
621982
621983
621984
621985
621986
621987
621988
621989
621990
621991
621992
621993
621994
621996
621997
621999
622000
622001
622002
622003
622004
622005
622007
622008
622012
622014
622015
622016
622017
622018
622019
622020
622021
622022
622023
622024
622025
622026
622027
622028
622030
622031
622032
622033
622034
622035
622036
622037
622039
622042
622043
622044
622047
622048
622049
622050
622051
622052
622053
622054
622055
622056
622057
622058
622059
622060
622061
622062
622063
622064
622065
622066
622067
622068
622069
622070
622071
622072
622073
622074
622075
622076
622077
622078
622079
622081
622082
622083
622084
622085
622086
622088
622089
622090
622101
622152
622153
622154
622155
622156
622159
622160
622161
622162
622163
622164
622201
622202
622203
622251
622252
622253
622254
622255
622256
622257
622260
622261
622265
622266
622267
622268
622269
622270
622271
622272
622275
622276
622277
622279
622280
622281
622282
622284
622285
622287
622290
622292
622293
622294
622295
622297
622298
622299
622300
622301
622302
622303
622304
622305
622306
622307
622309
622310
622311
622312
622313
622314
622315
622316
622317
622318
622319
622320
622321
622322
622323
622324
622325
622327
622328
622329
622330
622331
622332
622333
622334
622335
622336
622337
622338
622339
622340
622341
622342
622343
622344
622345
622346
622347
622348
622349
622350
622351
622352
622353
622354
622355
622356
622357
622359
622360
622361
622362
622401
622407
622414
622418
622420
622421
622453
622454
622455
622456
622459
622460
622461
622462
622463
622464
622466
622468
622469
622470
622471
622472
622475
622476
622477
622478
622479
622480
622481
622483
622484
622485
622486
622489
622491
622492
622493
622494
622495
622496
622497
622498
622499
622500
622501
622503
622504
622505
622506
622507
622508
622509
622510
622512
622513
622514
622515
622516
622517
622518
622519
622523
622524
622525
622527
622528
622530
622531
622534
622536
622540
622552
622553
622554
622555
622601
622602
622603
622604
622605
622606
622651
622652
622653
622654
622655
622701
622702
622703
622704
622705
622707
622709
622710
622751
622752
622754
622755
622756
622757
622760
622761
622764
622771
622774
622777
622781
622782
622783
622784
622785
622786
622787
622788
622789
622790
622791
622792
622793
622796
622799
622800
622801
622802
622803
622804
622806
622807
622808
622811
622812
622814
622818
622821
622822
622825
622826
622828
622830
622831
622833
622834
622835
622836
622837
622838
622840
622841
622844
622845
622846
622847
622848
622850
622851
622852
622853
622854
622855
622856
622857
622860
622862
622863
622864
622865
622866
622867
622868
622869
622870
622871
622873
622874
622875
622876
622877
622878
622879
622880
622881
622882
622884
622885
622886
622887
622888
622889
622890
622901
622903
622921
622922
622940
622941
622951
622952
622953
622955
622957
622958
622959
622960
622961
622963
622964
622966
622967
622968
622969
622970
622971
622972
622973
622974
622975
622976
622977
622978
622981
622982
622983
622984
622985
622986
622987
623001
623002
623003
623004
623005
623006
623007
623008
623009
623010
623013
623021
623022
623023
623024
623026
623027
623061
623062
623063
623064
623065
623066
623067
623069
623070
623071
623072
623073
623074
623075
623076
623077
623078
623079
623080
623081
623082
623083
623084
623085
623086
623087
623088
623089
623090
623091
623092
623093
623094
623095
623096
623097
623098
623099
623100
623101
623102
623103
623104
623105
623106
623107
623108
623109
623110
623111
623112
623113
623114
623115
623116
623117
623118
623119
623120
623121
623122
623123
623124
623125
623126
623127
623128
623129
623130
623131
623132
623133
623134
623135
623136
623137
623138
623139
623140
623141
623142
623143
623144
623145
623146
623147
623148
623149
623150
623151
623152
623153
623154
623155
623156
623157
623158
623160
623161
623162
623163
623164
623165
623166
623167
623168
623169
623170
623171
623201
623203
623204
623205
623206
623207
623209
623210
623211
623212
623213
623215
623216
623218
623219
623220
623221
623223
623224
623225
623226
623227
623228
623231
623232
623234
623235
623237
623238
623240
623243
623244
623246
623248
623249
623255
623258
623261
623264
623265
623266
623269
623272
623273
623274
623275
623276
623277
623278
623281
623282
623283
623285
623286
623287
623288
623289
623290
623291
623293
623294
623296
623299
623300
623301
623302
623306
623307
623309
623310
623311
623313
623316
623317
623320
623321
623325
623326
623327
623328
623330
623331
623332
623333
623334
623336
623338
623339
623340
623341
623342
623343
623344
623346
623348
623349
623350
623351
623353
623354
623357
623401
623402
623403
623406
623408
623409
623410
623412
623413
623414
623415
623416
623418
623419
623421
623422
623423
623424
623425
623452
623453
623457
623458
623463
623465
623466
623468
623469
623470
623471
623472
623473
623501
623503
623504
623507
623509
623510
623511
623512
623513
623514
623515
623516
623520
623522
623524
623525
623526
623529
623530
623531
623532
623533
623534
623535
623536
623537
623551
623552
623555
623556
623558
623559
623561
623601
623602
623603
623604
623605
623606
623653
623655
623703
623704
623705
623706
623707
623715
623716
623717
623719
623720
623721
623722
623723
623724
623726
623727
623728
623737
623739
623740
623743
623745
623746
623747
623748
623749
623750
623751
623752
623753
623754
623756
623757
623758
623760
623761
623762
623763
623764
623767
623768
623769
623770
623771
623772
623774
623775
623776
623777
623778
623779
623780
623781
623786
623787
623801
623802
623803
623804
623806
623807
623808
623809
623904
623907
623908
623912
623913
623920
623951
623953
623954
623955
623956
623958
623959
623960
623961
623962
623963
623964
623965
623966
623967
623968
623969
623970
623971
623972
623973
623974
623975
623976
623978
623979
623980
623981
623982
623983
623984
623985
623987
623988
623989
623990
623991
623992
623995
623996
623997
623998
623999
624000
624001
624002
624003
624005
624006
624007
624008
624009
624010
624011
624012
624013
624014
624015
624016
624017
624018
624020
624021
624022
624023
624026
624027
624028
624029
624031
624032
624033
624034
624035
624036
624037
624038
624039
624040
624041
624042
624043
624044
624045
624046
624047
624048
624049
624050
624051
624052
624053
624056
624058
624060
624062
624063
624064
624065
624067
624070
624071
624072
624073
624074
624075
624076
624079
624080
624081
624082
624083
624084
624085
624086
624087
624088
624089
624090
624091
624092
624093
624095
624096
624151
624153
624154
624155
624156
624201
624203
624204
624251
624252
624253
624254
624255
624259
624260
624263
624264
624301
624352
624353
624354
624355
624356
624357
624358
624360
624361
624362
624363
624365
624366
624367
624368
624369
624405
624406
624409
624410
624414
624415
624416
624418
624421
624422
624428
624431
624432
624433
624434
624435
624438
624439
624440
624442
624444
624446
624447
624448
624449
624455
624457
624458
624460
624461
624464
624476
624478
624479
624483
624484
624486
624487
624488
624489
624494
624495
624551
624552
624553
624554
624555
624556
624557
624558
624559
624701
624702
624705
624706
624707
624708
624709
624710
624711
624712
624714
624715
624716
624717
624718
624719
624720
624721
624723
624724
624727
624728
624730
624731
624732
624733
624734
624735
624736
624738
624740
624741
624742
624743
624744
624745
624749
624750
624801
624804
624805
624807
624808
624810
624813
624817
624820
624826
624830
624832
624833
624834
624835
624838
624842
624846
624849
624850
624851
624854
624855
624859
624860
624863
624864
624871
624878
624880
624882
624885
624889
624890
624892
624908
624910
624921
624923
624925
624927
624928
624932
624936
624939
624940
624944
624945
624946
624947
624948
625113
625118
625201
625202
625203
625204
625205
625206
625207
625208
625209
625210
625211
625212
625213
625214
625251
625255
625301
625302
625303
625304
625306
625307
625309
625310
625311
625312
625313
625314
625315
625316
625317
625318
625320
625321
625322
625323
625324
625325
625351
625352
625355
625356
625357
625358
625360
625361
625363
625364
625365
625368
625369
625370
625371
625372
625373
625374
625375
625376
625377
625378
625379
625380
625382
625383
625384
625385
625386
625387
625388
625389
625390
625391
625392
625394
625395
625396
625397
625398
625399
625504
625508
625509
625513
625514
625516
625517
625522
625523
625524
625526
625551
625552
625554
625555
625557
625558
625602
625603
625604
625606
625607
625608
625609
625611
625612
625613
625614
625615
625616
625651
625653
625654
625655
625656
625657
625658
625659
625660
625668
625701
625702
625703
625705
625706
625707
625709
625710
625711
625712
625713
625714
625715
625716
625717
625718
625719
625720
625721
625722
625723
625801
625802
625803
625804
625851
625852
625854
625859
625862
625868
625869
625871
625874
625875
625877
625880
625886
625887
625895
625899
625900
625903
625904
625908
625911
625913
625916
625917
625919
625920
625921
625922
625925
625926
625928
625929
625932
625933
625934
625935
625939
625940
625942
625944
625945
625946
625947
625948
625950
625953
625962
625976
626051
626052
626053
626054
626101
626204
626207
626208
626210
626211
626217
626219
626229
626230
626239
626240
626241
626244
626246
626247
626248
626254
626256
626257
626259
626263
626264
626265
626266
626268
626269
626271
626272
626274
626276
626277
626278
626279
626280
626284
626292
626298
626301
626304
626315
626316
626351
626352
626353
626354
626355
626356
626357
626358
626359
626402
626403
626404
626405
626406
626451
626452
626453
626454
626455
626456
626458
627001
627002
627004
627005
627006
627008
627011
627013
627015
627101
627102
627104
627106
627109
627110
627112
627115
627116
627117
627121
627123
627124
627125
627130
627138
627139
627141
627143
627144
627451
627452
627456
627457
627458
627460
627468
627472
627475
627477
627487
627491
627493
627494
627495
627497
627498
627500
628001
628013
628014
628015
628016
628018
628101
628104
628105
628108
628301
628304
628451
628601
629002
629003
629005
629006
629010
629011
629012
629051
629052
630055
630056
630059
630060
630063
630501
630505
630507
630511
630514
630516
630520
630521
630524
630527
630528
630531
630532
631051
631101
631103
631104
631201
631251
631252
631253
631254
631255
631256
631259
631260
631262
631266
631270
631271
631277
631281
631282
631283
631284
631304
631307
631315
631401
631407
631409
631410
631416
631419
631552
631602
631605
631608
631653
631654
631701
631706
631707
631709
632102
632103
632104
632105
632151
632153
632155
632156
632157
632301
632302
632303
632304
632305
632306
632311
632312
632313
632318
632323
632325
632327
632328
632329
632330
632501
632503
632504
633003
633007
633008
633009
633012
633013
633014
633017
633153
633155
633202
633203
633253
633257
633260
633262
633263
633264
633501
633502
633551
633552
633553
633554
633555
633653
633655
633656
633702
633901
633954
633956
633959
633960
634151
634351
635103
635104
635105
635107
635108
635109
635201
635204
635205
635252
635253
635254
635452
635454
635455
635458
635462
635463
635465
635466
635467
635468
635469
635473
635474
635475
635476
635477
635480
635481
635482
635484
635485
635486
635487
635488
635489
635490
635491
635493
635494
635495
635496
635498
635500
635501
635502
635503
635504
635505
635506
635507
635508
635511
635512
635514
635515
635517
635518
635520
635525
635526
635528
635529
635531
635532
635533
635534
635535
635536
635539
635541
635542
635554
635853
635854
635855
635860
635863
635865
635901
635904
635905
635906
635909
635910
635955
635983
635986
635987
636005
636008
636102
636151
636201
636205
636602
636604
636608
636613
636623
636624
636626
636627
636628
636630
636801
636802
636803
636805
636811
636815
636817
636821
636825
636826
636827
636833
636835
636842
636843
636856
636861
636869
636870
636871
636878
636879
636882
636887
636890
636892
636894
636895
636899
636900
636904
636906
636907
636917
636932
636937
636939
636940
636951
636957
636961
636962
637101
637102
637201
637251
637302
637303
637304
637306
637308
637309
637310
637313
637315
637320
637502
637503
637504
637505
637507
637510
637513
637514
637515
637516
637524
637751
637802
637852
638001
638002
638003
638004
638006
638007
638008
638051
638052
638101
638253
638254
638601
638602
638603
639551
639552
639601
639701
639705
639706
639716
639720
639951
640053
640054
640152
640153
641003
641004
641008
641010
641013
641015
641025
641026
641028
641029
641030
641032
641033
641034
641202
641203
641207
641209
641214
641215
641217
641218
641302
641303
641305
641308
641309
641312
641315
641316
641317
641318
641320
641321
641323
641325
641326
641327
641328
641501
641502
641503
641504
641505
641506
641507
641508
641510
641511
641512
641513
641514
641515
641516
641517
641518
641519
641520
641521
641523
641524
641525
641526
641527
641528
641529
641530
641531
641532
641533
641534
641535
641536
641537
641538
641539
641540
641541
641542
641543
641544
641545
641546
641547
641549
641550
641551
641553
641554
641555
641556
641557
641558
641559
641560
641561
641562
641563
641564
641565
641566
641567
641568
641569
641570
641571
641572
641573
641574
641576
641577
641578
641579
641581
641583
641586
641593
641612
641614
641618
641621
641623
641627
641629
641636
641637
641642
641645
641646
641647
641653
641655
641656
642001
642002
642004
642006
642008
642009
642012
642014
642015
642302
642305
642306
642307
642308
642311
642451
642715
642716
642719
643003
643004
643005
643021
643022
643025
643030
643031
643036
643039
643044
643047
643053
643056
644001
644002
644104
644201
644452
644502
644503
644551
644552
644603
644604
644606
644608
644609
644610
644611
644612
645004
645005
645008
645009
645010
645202
645210
645212
645215
645221
645228
645232
645234
646551
646552
646558
646608
646611
646613
646617
646618
646621
646622
646623
646624
646626
646628
646630
646631
646632
646635
646639
646642
646644
646645
646648
647001
647004
648011
648013
648018
648025
648026
648028
648151
648154
648611
648613
648614
648618
648620
648622
648625
648626
648627
648630
648633
648639
648706
648707
648712
648713
648716
648720
648723
648853
648857
648858
648861
648862
648863
648867
648868
649003
649006
649255
649257
650001
651054
651055
651060
651063
651064
651076
651077
651082
651351
651502
651602
651606
651607
651608
651613
651616
651619
651620
651622
651623
652001
652003
652004
652054
652056
652057
652058
652059
652063
652064
652065
652251
652255
652257
652261
652264
652268
652269
652270
652271
652452
652456
652506
652508
652511
652513
652514
652515
652517
652519
652520
652521
652523
652525
652526
652527
652528
652539
652548
652550
652552
652556
652557
652566
652567
652569
652573
652577
652701
652702
652703
652705
652706
653051
653052
653053
653054
653055
653056
653058
653059
653060
653062
653063
653064
653251
653252
653253
653254
653255
653256
653257
653302
653304
653402
653453
653454
653502
653551
653556
653751
653752
653753
653902
653903
654101
654151
655001
655103
655201
655202
655301
655304
655309
655310
655311
655313
655314
655458
655467
655470
655471
655473
655656
655658
655670
655671
655675
655852
655855
655859
655901
655903
655905
655906
655907
655908
655910
656051
656213
656754
656803
656804
656810
656815
656816
656817
656819
656821
656822
656824
656825
656834
657454
657455
657456
657457
657458
657459
657460
657461
657464
657467
657468
657469
657472
657475
657476
657477
657701
657951
657954
657955
657960
657961
657966
657969
658201
658203
658301
658402
658403
658404
658409
658414
658417
658419
658420
658421
658424
658427
658430
658433
658701
658753
658808
658809
658814
658816
658817
658818
658952
659101
659103
659301
660002
660003
660103
660203
660204
660213
660214
660215
660219
660220
660221
660554
660701
660702
661001
661004
661005
661007
661008
661013
661015
661301
661302
661452
661453
661456
661459
661602
661603
661654
661655
661701
661702
661703
661751
661951
661960
661961
661969
661970
661971
661972
661974
661976
661980
661981
661982
661988
662001
662012
662016
662654
662660
662663
662666
662668
662669
662677
662681
662801
662802
662803
662805
662812
662813
662814
662815
662816
662817
662818
662819
662822
662823
663001
663151
663251
663351
664003
664004
664101
664202
664203
664205
664905
664906
664909
664910
664911
664913
664915
664922
665201
665202
665203
665204
665205
665206
665207
665210
665211
665212
665214
665216
665219
665220
665222
665223
665224
665227
671001
671002
671003
671101
671201
671204
671205
671503
671952
672001
672501
672601
673201
673202
673203
673204
673501
673702
673951
674001
674002
674003
674004
674005
674006
674201
674502
674505
674507
674508
674510
674702
675005
675008
675009
675012
675013
675201
675206
675454
675455
675702
676501
676502
676503
676507
676508
676509
676511
676512
676514
676515
676701
676706
676707
676712
676802
676952
677001
677002
677102
677503
677504
677505
677508
677509
677602
677701
677801
677803
677804
677805
678001
678002
678201
678502
678951
679501
683502
683951
683952
684203
684501
684502
684701
685001
685003
686501
686503
686504
686505
686951
688451
